39 32 12 15 21 9 33 12 10 20 26 21 7 26 17 5 28 27 18 8 12 14 32 23 10 15 3 27 15 6 2 19 25 37 30 37 4 1 32 15 
53 20 52 31 32 26 11 42 8 50 51 52 30 37 44 30 22 29 21 45 53 47 43 11 16 5 53 45 52 38 40 23 27 20 12 11 48 12 24 16 5 45 18 28 24 20 25 29 31 8 30 13 16 40 
94 12 22 74 17 27 22 62 28 74 12 45 83 24 65 79 69 88 52 22 21 59 10 47 4 8 45 69 54 44 43 86 54 13 10 47 89 77 42 84 67 1 26 44 31 14 22 88 35 15 14 94 5 4 78 83 7 57 67 36 36 65 38 57 75 62 28 94 35 93 68 19 75 43 73 32 54 89 10 86 0 9 28 70 63 79 73 52 46 33 60 75 42 90 65 
6 4 5 4 5 3 0 
93 15 83 53 87 46 35 49 87 25 25 77 78 65 39 0 54 84 92 23 56 45 10 22 7 69 42 92 72 34 27 30 20 76 3 72 55 24 50 85 48 4 56 66 53 22 21 8 17 89 79 84 40 58 20 71 45 29 43 34 24 76 32 3 0 39 67 16 73 87 85 3 82 44 36 39 85 75 80 58 66 67 10 72 9 16 23 64 40 25 51 53 46 47 
41 15 31 12 10 37 23 4 17 39 39 22 18 33 39 5 18 26 34 20 22 37 4 7 6 22 41 27 34 9 4 41 25 19 16 30 25 37 38 6 15 13 
60 56 15 10 11 49 6 32 48 34 56 8 40 2 58 20 56 0 33 53 15 40 23 38 31 45 21 6 34 34 13 57 36 28 4 29 51 30 44 28 44 12 7 6 15 26 55 24 25 59 7 51 5 4 49 47 10 25 31 16 42 
33 10 6 26 3 33 29 16 13 32 16 32 13 32 19 24 7 15 21 12 10 20 5 10 3 29 7 20 25 32 17 1 21 26 
95 23 5 79 47 29 53 57 16 17 80 52 69 5 84 91 51 79 0 74 53 68 65 82 44 33 32 51 57 58 22 53 7 50 27 93 72 77 50 34 26 47 70 31 38 25 66 76 9 40 22 77 52 26 86 28 87 21 26 73 77 51 22 0 88 45 87 95 58 22 57 32 19 11 34 53 75 29 69 15 89 65 5 10 75 73 13 56 88 67 75 83 74 73 16 62 
86 24 48 6 14 83 33 53 18 6 81 66 64 1 5 65 58 22 71 55 78 49 58 38 47 79 86 20 27 15 75 82 60 14 3 21 5 28 62 8 10 14 69 70 42 63 55 72 30 78 77 35 46 17 56 85 63 13 13 20 81 52 48 3 51 84 63 59 60 5 63 86 4 74 66 15 81 9 22 29 58 6 41 1 80 6 74 
74 0 35 55 72 28 9 11 68 74 3 15 31 23 44 44 27 47 71 8 49 38 55 11 64 65 65 35 67 10 10 10 67 25 39 56 73 30 34 60 49 16 68 13 29 2 35 32 10 24 9 14 9 61 71 1 69 32 69 21 11 2 13 66 42 45 69 20 73 3 6 71 63 11 14 
56 3 21 9 25 44 56 24 43 14 50 9 26 24 9 43 15 55 48 43 30 34 14 47 21 33 40 14 56 26 15 7 3 55 37 7 33 52 16 1 54 46 21 36 44 18 35 51 0 55 7 32 1 14 44 20 25 
34 26 10 12 14 8 23 1 23 18 18 28 0 16 28 22 32 15 10 7 14 27 20 16 0 33 1 28 32 2 26 27 31 23 23 
21 2 6 20 7 3 21 14 19 18 12 10 1 1 6 0 6 9 3 2 0 14 
54 33 26 39 39 28 15 22 43 25 0 40 17 12 10 51 20 20 47 38 25 18 41 50 14 0 52 2 9 18 12 43 35 16 24 49 7 22 16 22 23 33 47 11 17 50 43 4 51 34 44 3 4 0 52 
57 40 42 11 43 3 41 41 19 52 23 39 0 8 14 20 39 24 38 2 4 21 8 28 9 51 13 20 55 53 40 9 54 30 19 12 6 48 40 30 55 30 24 25 0 1 15 23 26 51 12 8 39 42 22 31 21 34 
89 28 68 47 33 62 3 25 22 52 29 24 40 22 67 78 22 74 75 43 64 8 65 20 17 4 11 34 11 81 82 68 15 34 65 75 10 25 69 28 5 9 14 48 59 86 24 32 34 68 1 64 68 83 45 1 37 60 18 37 39 37 33 0 88 59 32 39 80 45 52 75 21 64 41 46 54 87 80 43 53 31 89 42 35 13 21 70 85 10 
24 5 5 23 22 11 17 13 0 1 24 5 22 12 4 20 22 8 18 9 11 7 10 0 10 
22 10 12 5 17 6 14 21 0 17 3 2 15 12 7 16 1 0 16 14 14 2 1 
72 60 4 28 31 56 34 44 12 19 44 42 5 66 64 66 6 26 50 66 29 56 32 62 67 39 66 22 19 67 28 13 56 16 51 49 22 15 64 3 66 26 61 49 3 54 43 57 67 19 70 28 27 43 15 63 41 25 34 70 53 3 61 50 11 57 24 18 18 22 33 12 29 
30 26 17 23 14 1 5 26 9 11 14 15 11 24 7 16 10 1 18 15 29 5 8 21 13 23 28 4 5 25 27 
43 31 29 9 19 28 27 14 13 7 0 42 22 37 21 27 34 41 39 41 26 12 36 25 12 0 19 38 29 33 9 9 2 10 38 42 23 15 40 2 6 6 2 11 
53 39 35 19 13 21 48 22 18 0 4 43 26 46 45 30 28 17 13 7 6 37 20 41 47 21 22 17 26 7 13 22 13 18 35 10 8 26 7 0 50 39 42 23 27 43 12 0 18 53 27 5 23 9 
70 33 51 69 45 23 48 0 46 36 5 60 7 2 14 32 31 63 36 24 28 50 65 18 17 30 54 53 50 32 48 27 58 60 28 52 36 21 24 30 54 37 57 51 39 62 39 66 44 9 40 22 0 50 12 62 58 34 34 5 9 3 24 52 9 41 30 3 68 51 53 
31 11 2 23 9 15 1 11 16 21 15 15 10 7 0 25 26 1 21 30 10 22 14 7 21 16 12 12 31 15 22 19 
48 47 43 19 47 11 15 39 11 30 13 1 1 47 38 36 33 28 23 8 46 17 2 35 0 33 2 14 41 46 5 17 14 43 8 3 13 39 13 9 36 24 28 12 5 12 17 33 26 
4 1 2 1 3 
8 0 0 5 3 5 4 3 8 
27 21 25 26 14 22 4 14 16 0 23 16 15 26 11 16 15 17 1 22 23 3 3 6 5 7 13 7 
100 73 14 49 82 73 18 11 88 10 98 39 62 58 49 64 78 29 21 81 42 56 65 48 89 0 72 48 87 37 93 15 14 50 56 79 55 100 29 65 66 57 0 99 59 56 48 30 90 46 58 45 8 7 93 86 50 76 29 47 49 45 69 37 89 98 23 86 66 15 39 63 89 28 91 97 84 13 57 87 11 35 51 39 70 61 57 79 25 14 40 42 57 45 2 90 34 47 24 64 96 
85 16 77 45 1 42 7 57 16 48 30 17 60 19 56 71 85 17 12 60 34 15 48 0 29 47 75 14 67 3 23 45 57 23 13 24 49 53 22 25 10 85 52 75 15 48 40 59 36 71 37 65 75 10 5 17 32 66 51 4 30 37 16 69 54 3 48 30 60 51 36 13 7 70 31 35 64 57 65 11 82 48 48 1 17 84 
16 7 1 9 0 10 10 9 8 9 8 14 16 0 0 6 0 
1 0 
7 7 0 4 7 4 5 2 
63 62 47 41 4 59 23 49 27 7 43 59 3 31 8 44 21 8 4 0 55 9 56 32 49 4 19 60 33 36 13 36 58 48 30 27 22 39 30 4 63 11 53 44 30 46 36 53 26 51 61 34 33 51 60 30 48 47 36 55 5 6 8 14 
3 2 2 1 
36 1 15 20 35 32 16 15 34 6 8 14 20 20 24 31 31 20 11 22 30 19 31 0 7 20 20 22 13 32 0 17 31 15 25 11 12 
43 17 30 12 22 28 32 34 21 25 19 7 4 22 35 14 21 18 32 31 39 32 9 34 16 32 3 2 25 31 42 26 4 22 4 28 31 28 22 16 10 0 0 3 
90 75 52 17 89 68 33 38 18 20 66 4 16 18 79 58 67 75 53 81 79 44 40 37 47 84 6 75 73 53 57 23 64 20 25 33 15 45 78 13 13 24 1 31 21 20 9 32 42 69 46 50 38 41 57 38 38 23 51 16 16 73 58 87 27 13 9 75 81 77 76 11 46 79 86 70 5 2 59 50 55 34 83 25 56 70 0 69 7 5 61 
79 70 19 69 33 79 48 67 17 74 49 47 31 61 29 47 37 0 3 65 20 19 76 74 66 6 66 49 42 53 6 0 26 40 70 48 74 30 42 31 52 45 75 68 35 12 66 33 66 47 32 44 45 56 20 34 40 8 68 20 54 37 47 72 25 77 8 32 76 62 23 68 24 10 68 24 12 49 41 76 
10 1 2 1 2 0 4 4 6 9 1 
95 38 80 23 17 1 55 39 49 10 36 63 4 81 38 6 22 71 62 55 32 4 38 75 58 25 17 0 64 2 23 61 31 28 6 87 94 20 93 20 17 74 79 56 53 75 55 46 34 38 14 28 94 6 16 7 58 49 25 10 83 45 50 45 79 3 47 7 53 7 19 93 19 17 61 70 32 12 60 26 4 44 53 37 28 4 51 29 62 83 32 65 46 67 85 64 
62 2 18 1 38 40 10 4 18 60 36 20 34 25 22 45 4 42 53 9 49 15 62 59 58 33 32 59 5 53 46 42 56 25 54 30 25 14 51 45 17 27 41 61 34 24 32 20 3 62 22 30 50 7 20 49 38 37 48 38 15 2 31 
45 28 35 2 33 14 13 13 8 38 41 4 38 41 28 33 12 2 29 19 11 1 8 24 24 32 37 15 3 4 13 45 9 33 39 39 44 41 8 25 26 12 20 20 6 11 
26 25 3 7 6 2 23 7 26 19 11 6 12 4 26 18 22 7 3 20 13 17 24 8 22 19 14 
31 17 8 21 17 28 0 13 11 25 17 9 11 24 6 9 30 1 14 19 27 9 9 12 24 24 15 16 10 17 10 26 
47 13 43 10 5 22 35 35 26 43 12 17 16 9 45 44 15 23 35 42 16 19 28 42 11 28 18 32 16 4 33 39 35 22 15 5 7 36 8 13 46 40 22 27 18 14 2 38 
46 40 14 7 23 28 37 18 30 5 10 30 6 10 2 16 20 37 24 30 17 38 11 28 24 24 9 30 13 37 46 39 5 23 44 13 42 2 18 12 4 14 33 34 19 30 16 
45 28 43 20 22 44 27 22 4 33 1 18 24 21 17 37 37 20 22 2 36 34 21 6 32 45 30 28 3 31 0 23 42 30 9 3 41 44 1 4 30 15 15 21 13 0 
45 24 36 35 26 9 2 1 33 12 11 39 2 20 37 27 42 29 17 43 4 32 15 38 30 29 19 20 30 19 25 31 16 42 12 16 34 1 30 10 20 44 7 23 39 29 
0
